1.863348234763432698e+00
1.719328868799701038e+00
1.975545976445446161e+00
1.653571615172740650e+00
1.745467062443386563e+00
1.851387735747131780e+00
1.752639728335958047e+00
1.629609219017070121e+00
1.697580161772170193e+00
1.893783244883681993e+00
1.652657161016752863e+00
1.400383149625920254e+00
1.751979299806132762e+00
1.809019698607453153e+00
1.647818616107002532e+00
1.940727818781610159e+00
1.755768787389601071e+00
1.723614416814933659e+00
1.705178350058411674e+00
1.810638146355988187e+00
1.547609646746905820e+00
1.582307475953149245e+00
1.775267784087614542e+00
1.776131339321906477e+00
1.789845644412640269e+00
1.724358587951716038e+00
1.758571685046274258e+00
1.868767910834514767e+00
1.794831172243107620e+00
1.899804186792589000e+00
1.798614138003998164e+00
1.888085368529028418e+00
1.825971427024212224e+00
1.771939936236933022e+00
1.573595260077604419e+00
1.733743105820395369e+00
1.660939571003396731e+00
1.879423688963506311e+00
1.752768977773029979e+00
1.666241914095766496e+00
1.660737014389560118e+00
1.691385629878659369e+00
1.692965219580612857e+00
1.689963728239788798e+00
1.786559126006787901e+00
1.667940790620512148e+00
1.663543124320464139e+00
1.764566364377014640e+00
1.864107220200697634e+00
1.841361347844460372e+00
