/*--------------------------------*- C++ -*----------------------------------*\
| =========                 |                                                 |
| \\      /  F ield         | OpenFOAM: The Open Source CFD Toolbox           |
|  \\    /   O peration     | Version:  4.1                                   |
|   \\  /    A nd           | Web:      www.OpenFOAM.org                      |
|    \\/     M anipulation  |                                                 |
\*---------------------------------------------------------------------------*/
FoamFile
{
    version     2.0;
    format      ascii;
    class       volScalarField;
    location    "0.0002";
    object      p;
}
// * * * * * * * * * * * * * * * * * * * * * * * * * * * * * * * * * * * * * //

dimensions      [1 -1 -2 0 0 0 0];

internalField   nonuniform List<scalar> 
1000
(
100000
100000
100000
100000
100000
100000
100000
100000
100000
100000
100000
100000
100000
100000
100000
100000
100000
100000
100000
100000
100000
100000
100000
100000
100000
100000
100000
100000
100000
100000
100000
100000
100000
100000
100000
100000
100000
100000
100000
100000
100000
100000
100000
100000
100000
100000
100000
100000
100000
100000
100000
100000
100000
100000
100000
100000
100000
100000
100000
100000
100000
100000
100000
100000
100000
100000
100000
100000
100000
100000
100000
100000
100000
100000
100000
100000
100000
100000
100000
100000
100000
100000
100000
100000
100000
100000
100000
100000
100000
100000
100000
100000
100000
100000
100000
100000
100000
100000
100000
100000
100000
100000
100000
100000
100000
100000
100000
100000
100000
100000
100000
100000
100000
100000
100000
100000
100000
100000
100000
100000
100000
100000
100000
100000
100000
100000
100000
100000
100000
100000
100000
100000
100000
100000
100000
100000
100000
100000
100000
100000
100000
100000
100000
100000
100000
100000
100000
100000
100000
100000
100000
100000
100000
100000
100000
100000
100000
100000
100000
100000
100000
100000
100000
100000
100000
100000
100000
100000
100000
100000
100000
100000
100000
100000
100000
100000
100000
100000
100000
100000
100000
100000
100000
100000
100000
100000
100000
100000
100000
100000
100000
100000
100000
100000
100000
100000
100000
100000
100000
100000
100000
100000
100000
100000
100000
100000
100000
100000
100000
100000
100000
100000
100000
100000
100000
100000
100000
100000
100000
100000
100000
100000
100000
100000
100000
100000
100000
100000
100000
100000
100000
100000
100000
100000
100000
100000
100000
100000
100000
100000
100000
100000
100000
100000
100000
100000
100000
100000
100000
100000
100000
100000
100000
100000
100000
100000
100000
100000
100000
100000
100000
100000
100000
100000
100000
100000
100000
100000
100000
100000
100000
100000
100000
100000
100000
100000
100000
100000
100000
100000
100000
100000
100000
100000
100000
100000
100000
100000
100000
100000
100000
100000
100000
100000
100000
100000
100000
100000
100000
100000
100000
100000
100000
100000
100000
100000
100000
100000
100000
100000
100000
100000
100000
100000
100000
100000
100000
100000
100000
100000
100000
100000
100000
100000
100000
100000
100000
100000
100000
100000
100000
100000
100000
100000
100000
100000
100000
100000
100000
100000
100000
100000
100000
100000
100000
100000
100000
100000
100000
100000
100000
100000
100000
100000
100000
100000
100000
100000
100000
100000
100000
100000
100000
100000
100000
100000
100000
100000
100000
100000
100000
100000
100000
100000
100000
100000
100000
100000
100000
100000
100000
100000
100000
100000
100000
100000
100000
100000
100000
100000
100000
100000
100000
100000
100000
100000
100000
100000
100000
100000
100000
100000
100000
100000
100000
100000
100000
100000
100000
100000
100000
100000
100000
100000
100000
100000
100000
100000
100000
100000
100000
100000
100000
100000
100000
100000
100000
100000
100000
100000
100000
100000
100000
100000
100000
100000
100000
100000
100000
100000
100000
100000
100000
100000
100000
100000
100000
100000
100000
100000
100000
100000
100000
100000
100000
100000
100000
100000
100000
100000
100000
100000
100000
100000
100000
100000
100000
100000
100000
100000
100000
100000
100000
100000
100000
100000
100000
100000
100000
100000
100000
100000
99999.8
99999
99995.6
99982.5
99934.4
99776.2
99305.7
98091.7
95529.5
91283.1
85392
78423.6
71312.9
64562.9
58964.2
54489.2
51298
49276.1
48180.7
47887.9
47923.5
47910.2
47712.5
47663.2
47643.8
47563.1
47251.6
46373.6
43189.5
31090.5
26559.2
25333.9
25066.7
25012.9
25002.4
25000.4
25000.1
25000
25000
25000
25000
25000
25000
25000
25000
25000
25000
25000
25000
25000
25000
25000
25000
25000
25000
25000
25000
25000
25000
25000
25000
25000
25000
25000
25000
25000
25000
25000
25000
25000
25000
25000
25000
25000
25000
25000
25000
25000
25000
25000
25000
25000
25000
25000
25000
25000
25000
25000
25000
25000
25000
25000
25000
25000
25000
25000
25000
25000
25000
25000
25000
25000
25000
25000
25000
25000
25000
25000
25000
25000
25000
25000
25000
25000
25000
25000
25000
25000
25000
25000
25000
25000
25000
25000
25000
25000
25000
25000
25000
25000
25000
25000
25000
25000
25000
25000
25000
25000
25000
25000
25000
25000
25000
25000
25000
25000
25000
25000
25000
25000
25000
25000
25000
25000
25000
25000
25000
25000
25000
25000
25000
25000
25000
25000
25000
25000
25000
25000
25000
25000
25000
25000
25000
25000
25000
25000
25000
25000
25000
25000
25000
25000
25000
25000
25000
25000
25000
25000
25000
25000
25000
25000
25000
25000
25000
25000
25000
25000
25000
25000
25000
25000
25000
25000
25000
25000
25000
25000
25000
25000
25000
25000
25000
25000
25000
25000
25000
25000
25000
25000
25000
25000
25000
25000
25000
25000
25000
25000
25000
25000
25000
25000
25000
25000
25000
25000
25000
25000
25000
25000
25000
25000
25000
25000
25000
25000
25000
25000
25000
25000
25000
25000
25000
25000
25000
25000
25000
25000
25000
25000
25000
25000
25000
25000
25000
25000
25000
25000
25000
25000
25000
25000
25000
25000
25000
25000
25000
25000
25000
25000
25000
25000
25000
25000
25000
25000
25000
25000
25000
25000
25000
25000
25000
25000
25000
25000
25000
25000
25000
25000
25000
25000
25000
25000
25000
25000
25000
25000
25000
25000
25000
25000
25000
25000
25000
25000
25000
25000
25000
25000
25000
25000
25000
25000
25000
25000
25000
25000
25000
25000
25000
25000
25000
25000
25000
25000
25000
25000
25000
25000
25000
25000
25000
25000
25000
25000
25000
25000
25000
25000
25000
25000
25000
25000
25000
25000
25000
25000
25000
25000
25000
25000
25000
25000
25000
25000
25000
25000
25000
25000
25000
25000
25000
25000
25000
25000
25000
25000
25000
25000
25000
25000
25000
25000
25000
25000
25000
25000
25000
25000
25000
25000
25000
25000
25000
25000
25000
25000
25000
25000
25000
25000
25000
25000
25000
25000
25000
25000
25000
25000
25000
25000
25000
25000
25000
25000
25000
25000
25000
25000
25000
25000
25000
25000
25000
25000
25000
25000
25000
25000
25000
25000
25000
25000
25000
25000
25000
25000
25000
25000
25000
25000
25000
25000
25000
25000
25000
25000
25000
25000
25000
25000
25000
25000
25000
25000
25000
25000
25000
25000
25000
25000
25000
25000
25000
25000
25000
25000
25000
25000
25000
25000
25000
25000
25000
25000
25000
25000
25000
25000
25000
25000
25000
25000
25000
25000
25000
25000
25000
25000
25000
25000
25000
25000
25000
25000
25000
25000
25000
25000
25000
25000
25000
25000
25000
25000
25000
25000
25000
25000
25000
25000
25000
25000
25000
25000
25000
25000
)
;

boundaryField
{
    sides
    {
        type            zeroGradient;
    }
    empty
    {
        type            empty;
    }
}


// ************************************************************************* //
