/*--------------------------------*- C++ -*----------------------------------*\
| =========                 |                                                 |
| \\      /  F ield         | OpenFOAM: The Open Source CFD Toolbox           |
|  \\    /   O peration     | Version:  4.1                                   |
|   \\  /    A nd           | Web:      www.OpenFOAM.org                      |
|    \\/     M anipulation  |                                                 |
\*---------------------------------------------------------------------------*/
FoamFile
{
    version     2.0;
    format      ascii;
    class       volScalarField;
    location    "0.0016";
    object      p;
}
// * * * * * * * * * * * * * * * * * * * * * * * * * * * * * * * * * * * * * //

dimensions      [1 -1 -2 0 0 0 0];

internalField   nonuniform List<scalar> 
1000
(
100000
100000
100000
100000
100000
100000
100000
100000
100000
100000
100000
100000
100000
100000
100000
100000
100000
100000
100000
100000
100000
100000
100000
100000
100000
100000
100000
100000
100000
100000
100000
100000
100000
100000
100000
100000
100000
100000
100000
100000
100000
100000
100000
100000
100000
100000
100000
100000
100000
100000
100000
100000
100000
100000
100000
100000
100000
100000
100000
100000
100000
100000
100000
100000
100000
100000
100000
100000
100000
100000
100000
100000
100000
100000
100000
100000
100000
100000
100000
100000
100000
100000
100000
100000
100000
100000
100000
100000
100000
100000
100000
100000
100000
100000
100000
100000
100000
100000
100000
100000
100000
100000
100000
100000
100000
100000
100000
100000
100000
100000
100000
100000
100000
100000
100000
100000
100000
100000
100000
100000
100000
100000
100000
100000
100000
100000
100000
100000
100000
100000
100000
100000
100000
100000
100000
100000
100000
100000
100000
100000
100000
100000
100000
100000
100000
100000
100000
100000
100000
100000
100000
100000
100000
100000
100000
100000
100000
100000
100000
100000
100000
100000
100000
100000
100000
100000
100000
100000
100000
100000
100000
100000
100000
100000
100000
100000
100000
100000
100000
100000
100000
100000
100000
100000
100000
100000
100000
100000
100000
100000
100000
100000
100000
100000
100000
100000
100000
100000
100000
100000
100000
100000
100000
100000
100000
100000
100000
100000
100000
100000
100000
100000
100000
100000
100000
100000
100000
100000
100000
100000
100000
100000
100000
100000
100000
100000
100000
100000
100000
100000
100000
100000
100000
100000
100000
100000
100000
100000
100000
100000
100000
100000
100000
100000
100000
100000
100000
100000
100000
100000
100000
100000
100000
100000
100000
100000
100000
100000
100000
100000
100000
100000
100000
100000
100000
100000
100000
100000
100000
100000
100000
100000
100000
100000
100000
100000
100000
100000
100000
100000
100000
100000
100000
100000
100000
100000
100000
100000
100000
100000
100000
100000
100000
100000
100000
100000
100000
100000
100000
100000
100000
100000
100000
100000
100000
100000
100000
100000
100000
100000
100000
100000
100000
100000
100000
100000
100000
100000
100000
100000
100000
100000
100000
100000
100000
100000
100000
100000
100000
100000
100000
100000
100000
100000
100000
100000
100000
100000
100000
100000
100000
100000
100000
100000
100000
100000
100000
100000
100000
100000
100000
100000
100000
100000
100000
100000
100000
100000
100000
100000
100000
100000
100000
100000
100000
100000
100000
100000
100000
100000
100000
100000
100000
100000
100000
100000
100000
100000
100000
100000
100000
100000
100000
100000
100000
100000
100000
100000
100000
100000
100000
100000
100000
100000
100000
100000
100000
100000
100000
100000
100000
100000
100000
100000
100000
100000
100000
100000
100000
100000
100000
100000
100000
100000
100000
100000
99999.9
99999.8
99999.5
99999
99997.8
99995.5
99991
99982.2
99965.9
99936.2
99883.9
99795.1
99649.7
99420.9
99077
98586.9
97936.6
97143.6
96226.5
95199.5
94080
92886.8
91637.9
90348.8
89032.4
87699
86356.5
85010.9
83667
82328.4
80997.9
79678
78370.4
77076.7
75798.2
74535.9
73290.8
72063.8
70855.6
69667
68498.5
67351
66225
65121.2
64040.4
62983.2
61950.6
60943.4
59962.6
59009.3
58084.6
57189.8
56326.7
55496.1
54701.3
53941.5
53222.9
52542
51908.6
51316.5
50774.8
50282.7
49841.3
49454.3
49121.4
48841.8
48615.6
48440.2
48309.8
48218.7
48162.7
48133
48119.8
48118.8
48119
48120
48122.5
48128.2
48140.3
48151.2
48163.2
48173
48178.8
48182.2
48184
48185
48185.4
48185.8
48186.1
48186.3
48186.4
48186.5
48186.7
48187
48187.7
48188.1
48188.2
48188.3
48188.3
48189
48189.1
48189
48189.1
48189.3
48189.2
48188.7
48188.8
48189.7
48190.8
48192.5
48192.1
48191.9
48193.2
48206.9
48165
48186.6
48199
48193
48181
48191.3
48202.5
48200.5
48182.2
48179.4
48194.4
48200.1
48188.3
48176.6
48180.8
48196.5
48195.5
48175.3
48170.8
48187.5
48196.1
48178.9
48162.9
48167.2
48184.8
48181.3
48154.6
48148.7
48160.2
48170
48147.6
48130.4
48129.8
48141.7
48134.3
48098.1
48089.4
48088.8
48097.2
48062.9
48024.1
48013.8
48014.9
48016.5
47936.6
47891.7
47873.7
47881.9
47829.5
47687.9
47627.4
47579.3
47510.4
47278.8
46495.4
44611.2
38328.5
29015.9
26096.9
25267.7
25063.5
25015
25003.5
25000.8
25000.2
25000
25000
25000
25000
25000
25000
25000
25000
25000
25000
25000
25000
25000
25000
25000
25000
25000
25000
25000
25000
25000
25000
25000
25000
25000
25000
25000
25000
25000
25000
25000
25000
25000
25000
25000
25000
25000
25000
25000
25000
25000
25000
25000
25000
25000
25000
25000
25000
25000
25000
25000
25000
25000
25000
25000
25000
25000
25000
25000
25000
25000
25000
25000
25000
25000
25000
25000
25000
25000
25000
25000
25000
25000
25000
25000
25000
25000
25000
25000
25000
25000
25000
25000
25000
25000
25000
25000
25000
25000
25000
25000
25000
25000
25000
25000
25000
25000
25000
25000
25000
25000
25000
25000
25000
25000
25000
25000
25000
25000
25000
25000
25000
25000
25000
25000
25000
25000
25000
25000
25000
25000
25000
25000
25000
25000
25000
25000
25000
25000
25000
25000
25000
25000
25000
25000
25000
25000
25000
25000
25000
25000
25000
25000
25000
25000
25000
25000
25000
25000
25000
25000
25000
25000
25000
25000
25000
25000
25000
25000
25000
25000
25000
25000
25000
25000
25000
25000
25000
25000
25000
25000
25000
25000
25000
25000
25000
25000
25000
25000
25000
25000
25000
25000
25000
25000
25000
25000
25000
25000
25000
25000
25000
25000
25000
25000
25000
25000
25000
25000
25000
25000
25000
25000
25000
25000
25000
25000
25000
25000
25000
25000
25000
25000
25000
25000
25000
25000
25000
25000
25000
25000
25000
25000
25000
25000
25000
25000
25000
25000
25000
25000
25000
25000
25000
25000
25000
25000
25000
25000
25000
25000
25000
25000
25000
25000
25000
25000
25000
25000
25000
25000
25000
25000
25000
25000
25000
25000
25000
25000
25000
25000
25000
25000
25000
25000
25000
25000
25000
25000
25000
25000
25000
25000
25000
25000
25000
25000
25000
25000
25000
25000
25000
25000
25000
25000
25000
25000
25000
25000
25000
25000
25000
25000
25000
25000
25000
25000
25000
25000
25000
25000
25000
25000
25000
25000
25000
25000
25000
25000
25000
25000
25000
25000
25000
25000
25000
25000
25000
25000
25000
25000
25000
25000
25000
25000
25000
25000
25000
25000
25000
25000
25000
25000
25000
25000
25000
25000
25000
25000
25000
25000
25000
25000
25000
25000
25000
25000
25000
25000
25000
25000
25000
25000
25000
25000
25000
25000
25000
25000
25000
25000
25000
25000
25000
25000
25000
25000
25000
25000
25000
25000
25000
25000
25000
25000
25000
25000
25000
25000
25000
25000
25000
25000
25000
25000
25000
25000
25000
25000
25000
25000
25000
25000
25000
25000
25000
25000
25000
25000
25000
25000
25000
25000
25000
25000
)
;

boundaryField
{
    sides
    {
        type            zeroGradient;
    }
    empty
    {
        type            empty;
    }
}


// ************************************************************************* //
